-6.039403951256792880e+01
-6.079542682416906985e+01
-6.115425431022960367e+01
-6.147415857349498935e+01
-6.176433926121712403e+01
-6.203749390188001200e+01
-6.230712238320543861e+01
-6.258479568235570412e+01
-6.287802395600795791e+01
-6.318923970656034328e+01
-6.351614505427149737e+01
-6.385331448510732599e+01
-6.419458890327545930e+01
-6.453555132858706145e+01
-6.487532794997045471e+01
-6.521714428270115604e+01
-6.556744099799739445e+01
-6.593380047519789855e+01
-6.632229924238225749e+01
-6.673505067512368782e+01
-6.716858269785753066e+01
-6.761335999748445147e+01
-6.805435202644021331e+01
-6.847223833474046728e+01
-6.884475453654457056e+01
-6.914783295783067274e+01
-6.935648634506868859e+01
-6.944566033067384581e+01
-6.939139425215023493e+01
-6.917251954015222282e+01
-6.877284253357677812e+01
-6.818344138316415126e+01
-6.740450891633408048e+01
-6.644619450231560620e+01
-6.532814126873110183e+01
-6.407779172007950308e+01
-6.272790669126879237e+01
-6.131397856536515434e+01
-5.987224120003428141e+01
-5.843877964574138417e+01
-5.704988233051539481e+01
-5.574336043487472381e+01
-5.456020194814991697e+01
-5.354573550373185498e+01
-5.274951573415346218e+01
-5.222341262622471447e+01
-5.201783130427728707e+01
-5.217649061708779357e+01
-5.273061036012078517e+01
-5.369357872863302106e+01
-5.505713255769013159e+01
-5.678979921887810889e+01
-5.883790569897966094e+01
-6.112897949595307523e+01
-6.357696603281553394e+01
-6.608844978216734489e+01
-6.856901989241683282e+01
-7.092904436557448378e+01
-7.308835294790647197e+01
-7.497960475388748591e+01
-7.655036129918093479e+01
-7.776404636420041072e+01
-7.860002890189082336e+01
-7.905302819802295744e+01
-7.913195659732920717e+01
-7.885824235400163218e+01
-7.826365995730405700e+01
-7.738775119568197169e+01
-7.627502128403246218e+01
-7.497218741082677695e+01
-7.352578769676395609e+01
-7.198039804021405530e+01
-7.037756375689900779e+01
-6.875537840250431998e+01
-6.714849424272061640e+01
-6.558827696170600063e+01
-6.410284108378284884e+01
-6.271680748053234566e+01
-6.145077012574109432e+01
-6.032059733282954284e+01
-5.933678277177980220e+01
-5.850408233624435184e+01
-5.782162454704684507e+01
-5.728358180037649561e+01
-5.688036401041525636e+01
-5.660017382890819704e+01
-5.643066950348168120e+01
-5.636043757596361559e+01
-5.637999515182431054e+01
-5.648212237339206609e+01
-5.666145949306432072e+01
-5.691346566329420398e+01
-5.723299340223818632e+01
-5.761284465921762177e+01
-5.804270835249557337e+01
-5.850881822821456524e+01
-5.899452005147222167e+01
-5.948172843933939191e+01
-5.995303352801793295e+01
-6.039403951256792880e+01
